PID, Sale_Price
908276150, 76980.915128325
903451090, 150444.702785015
527110080, 176820.98301807
535457010, 138888.313471416
903484020, 136351.01208833
905479110, 118973.666639848
527452310, 129478.814450022
528228445, 191125.886320905
923225370, 101893.171430094
528344040, 327262.613298138
532377050, 141011.321936599
535176050, 146790.798551838
906340100, 341888.687480082
533212050, 164030.149935282
909428180, 181552.134888962
535379110, 134927.507457198
534250400, 189515.433758051
527450520, 108438.709107164
527452150, 132450.13944723
903225040, 130486.225912454
911370410, 287787.793577099
905226080, 154328.29629134
914467050, 208459.852098962
908152260, 146824.558598366
534451170, 82422.8575991979
923228310, 82602.8702554696
910201180, 152295.962438165
534476100, 136858.686454125
923225080, 123038.680080947
906223210, 233138.402495447
905480150, 89683.1167170283
903452090, 120598.468225325
527208010, 375735.757885524
906426090, 179030.383550447
903231090, 138826.179386069
535152280, 148246.030362182
528458180, 221176.228056151
532354060, 125462.017688963
909279040, 110466.742651978
527353060, 246226.598765751
916176030, 158492.295993328
533110130, 278293.32913292
911370450, 270724.010766689
528118110, 328628.783658064
528228270, 197816.470413736
905480240, 94343.4553441991
914460020, 199353.725055131
534428060, 139371.708702694
534252240, 167622.075599046
908102050, 111190.146022906
914475030, 174270.713873376
533221040, 172843.791532852
535451170, 94064.4688224237
905451340, 83211.7450578961
528118040, 402814.955882211
903200080, 212462.919982017
527162110, 188540.072320216
535381040, 155775.197924792
528174020, 198290.353185656
534400290, 170289.295929682
903206070, 138079.083356125
533252130, 210895.613602359
906382030, 235561.110522591
535327200, 131197.968808798
535455080, 113466.918898069
527354160, 183408.832442837
902207120, 92920.388072344
909282060, 201543.196340664
902109140, 123625.719918817
902206270, 133552.721279014
533250050, 237071.011416627
909452050, 223293.273560697
527212060, 375473.462474365
906394060, 187428.027098329
534401120, 158966.296601344
528435010, 225005.893256311
528315080, 286253.106334409
909275030, 156259.350916426
528102010, 376163.785634832
907200290, 150367.776313941
902300260, 122030.603741696
528150110, 346262.094280468
535450100, 131907.602751393
907285010, 230969.40559578
533253210, 190896.065929272
527301280, 148074.325187091
905478140, 138297.805863572
902204080, 88458.7062366045
907201280, 133056.837393665
905476170, 92428.5633719855
923228210, 81178.5562889576
534226120, 122672.508407377
527301170, 213507.803458416
535453040, 129022.329497218
535150300, 230700.730155234
528363020, 315461.470782252
907265100, 211391.987326501
910200060, 139294.856673153
532376160, 131652.813245502
908204180, 66753.1155031772
909282130, 148005.048154657
528326110, 330123.840152646
534176230, 158009.677277017
527302210, 219321.041382727
526355170, 267029.171865024
535305180, 140780.855508135
905452150, 137783.978971139
902201090, 132883.075645663
527452190, 142253.9467934
908275280, 143543.590499191
527402210, 133261.157989101
921126010, 308729.459745167
905109130, 284613.603572943
535425070, 185937.677728265
905200290, 168779.251898197
533253060, 159803.198277774
535179050, 141130.974513396
903476100, 93045.7710981567
533135020, 242960.136664208
527403120, 97298.5339187846
528429080, 272483.511023475
528354100, 279388.04757769
902427150, 109421.593668447
527226040, 176659.546450814
924100060, 188669.175043388
531452180, 202204.599966892
907252050, 202358.177989776
903236200, 112201.421496995
910201130, 118394.896053529
909100080, 111623.914266707
535402010, 181826.533189352
528186100, 326677.517237068
905225020, 180313.141032349
905201110, 165777.774879636
527158090, 175674.996548562
528175010, 215034.143793814
902401010, 113816.95701058
534251320, 151705.3347415
902109120, 128530.332004464
528290170, 194060.919336954
534252060, 142951.351792708
905475510, 100124.232621353
527425060, 110106.63621414
534201130, 135134.126984338
526302110, 117696.23959154
903430050, 78384.8180916896
902110130, 92279.9760993262
534401110, 148382.26085583
528231020, 186523.560028556
531479020, 80411.1277573524
905403060, 118643.326578392
916326010, 234704.824670775
527365030, 232961.560014653
528228295, 208804.860084404
527455250, 123657.066154125
916403040, 180050.004662188
527252090, 319125.510484897
908225240, 108246.754636224
528228285, 167758.434147445
908178050, 240715.610543525
916326040, 171128.861392776
916380060, 270697.484552529
903204010, 130000.194535488
528144020, 213522.326384166
906204230, 243063.495169359
528168030, 287903.60366145
531369060, 193013.695423958
535451100, 104344.20058529
906380010, 196613.139237291
527450460, 113777.592836982
534277070, 115616.271239161
532353050, 130277.632044062
527105140, 197302.669193594
908102330, 115321.221702738
907135230, 152187.792907992
908250030, 71591.8748505442
902103090, 114400.834572722
528458120, 253800.407266156
535425060, 190966.706106706
527404100, 119252.765033924
905475160, 124862.627810586
902100010, 100466.947664277
534202020, 130912.83229977
533251110, 294519.665225933
528435050, 280142.782508209
914476130, 163376.883539027
924100050, 147242.10073993
909428280, 319645.869014871
906230020, 264940.310418789
923230180, 134825.252421053
907420090, 197633.792573092
534250010, 145019.084557044
532353020, 127610.050034258
906380180, 193130.847881632
531363020, 142092.082574575
906230010, 281309.306314686
923225300, 93397.5093640403
527252050, 320143.344660672
923225440, 80833.8319720849
907280090, 235349.299842542
527183030, 205202.481719001
535402220, 173623.10955982
532376250, 124251.169547056
914474020, 208784.599561951
907275090, 226119.689774766
528138030, 390914.60022692
908154195, 497636.347445708
527402240, 173205.769815149
903228150, 127840.093734559
531451020, 200665.806729412
909275250, 156084.2043004
903484080, 13299.7465991639
534202170, 153293.673612791
906225180, 203563.821800028
916460110, 196563.747256768
528174010, 198890.131699638
528228360, 200980.419084404
903233140, 125513.701872558
535153150, 162498.134657506
533212020, 161298.427427667
909428170, 244692.227993513
534129060, 213119.892540127
527163080, 159537.361210504
908275290, 128563.018347109
903201020, 123052.204574626
528431110, 286448.42154775
903454060, 69269.2891412598
903206120, 174813.068254369
527131110, 249807.838559103
906203120, 263052.353449509
908102140, 115668.148266225
527107210, 196026.33126618
923204140, 148394.503060312
527427200, 188734.073407341
528186170, 203121.389738036
906226070, 106828.800312634
527357110, 138196.335141445
534278170, 142027.846034005
534427090, 120237.625660433
905451390, 152755.195122735
534152120, 164563.161242381
535179120, 117011.797631897
528435060, 248552.719862908
534427140, 151919.587043598
903429110, 145576.540939529
535105110, 159625.960828593
528366070, 293886.774135934
534129040, 196729.804217534
535454070, 118715.657749356
903429080, 162772.706415409
906226090, 134447.871860858
534479130, 140668.798279238
527451290, 93872.2388559488
527106150, 203230.384865947
916253320, 277026.811060378
916455010, 208772.389753468
907201220, 133823.358227668
908188150, 148808.266486557
527325090, 206019.942864975
906402070, 250154.257049924
909101010, 133865.437608498
528221100, 179582.555063462
528480170, 261655.022633519
906475110, 222796.719241197
903228080, 132453.059353062
528228575, 259665.409284238
907227080, 125287.824063482
905109170, 230665.283602339
528228545, 177102.652807227
534275010, 132179.304939771
903425340, 118772.897122762
902128160, 112403.987702881
533215040, 258489.915562019
911202100, 85654.9020877594
528456230, 199983.146862814
535353160, 121013.205807812
902100030, 84888.2122264233
528174070, 196906.654316298
528445070, 233982.742461659
902105060, 122492.269942524
909101140, 140192.379933908
532354160, 129326.512425544
528138060, 208615.306183443
527107090, 185342.980835842
904100090, 174864.521864698
528458130, 319132.454651563
535477130, 150176.81556785
533223010, 176933.941532402
528108140, 413071.678293154
907202130, 155446.119064643
527131030, 263642.98834583
527453010, 158240.860392593
907280170, 213982.882342556
528172030, 306550.070915302
905480210, 111531.129117574
902402010, 142954.194495629
528228555, 183151.052999491
902404010, 139103.377712755
907253110, 227181.024141253
906204150, 265794.481869871
910201050, 127161.721915763
528174030, 192843.1389694
532476050, 242902.064899007
907265030, 230537.247548752
902109160, 108042.282860494
903231240, 93527.2977059309
902103150, 127414.289958331
528174040, 206465.207712209
916125425, 215754.676708603
531478010, 113887.582878473
916403250, 246281.651019384
923252080, 121543.76351378
534175140, 144284.086247515
902201120, 100291.390397271
534276190, 106426.125695849
906392090, 254222.959053809
916402015, 189346.719812127
905103110, 126478.752945253
907203090, 117224.688834191
903205085, 108746.326861045
528110080, 324977.670380362
903225140, 125608.640715205
903458110, 98935.4632557349
535325350, 130454.756327832
528439010, 229118.886303434
535355100, 115476.629455836
905100060, 131852.475964973
903231080, 114006.257843233
902300110, 105293.207716952
527451460, 110354.304724341
535475010, 150020.153898227
528174050, 202024.760212083
527450250, 104066.000214124
905351089, 178795.607642961
535175050, 146870.233037273
923226270, 94772.8320565649
908226120, 117759.344156912
531375130, 158216.586968465
905401020, 246999.701287934
527356050, 145681.968804134
534478140, 127503.925683173
531375120, 160413.855326911
908201100, 81181.7653304834
535383060, 54854.951746005
534250370, 284617.433271879
528116010, 330692.432211661
921126030, 263996.959735265
531375100, 169751.696889635
535150210, 133105.992969474
535327160, 122564.894231086
528228440, 187981.494971531
528120170, 308622.839665608
527325110, 194702.117028236
528108010, 247642.988328906
909251170, 161656.597584976
528250020, 196322.698227908
527105060, 184721.726933515
534426110, 137172.731315125
534201250, 164457.987920845
907200170, 135117.021756006
908102170, 149713.193057687
535126100, 129499.73482056
533251130, 204784.171528174
532354090, 155344.025749793
905427070, 205065.360411287
528250010, 173735.083778945
905101490, 133978.817873053
527107010, 184769.007405476
534204120, 146992.89326089
528480100, 193446.16109302
535376010, 95467.0370365456
908102260, 148256.444761574
534104100, 204316.516053403
909250220, 132790.778805922
923252075, 134746.610618379
528480040, 252328.08831899
903206160, 150752.204507443
527106050, 170466.730194954
910226060, 143032.974992835
902207080, 126080.959788324
535376100, 98533.4258427959
535450160, 90167.2735610058
908186070, 150675.075363604
528385050, 258000.559465707
903200050, 79564.1385414415
903232030, 86796.027879619
527163100, 184629.863438469
907255020, 241584.758615809
528488120, 191876.41434965
527328050, 163885.521120365
907192090, 210814.328783414
907135170, 145878.554504904
905201090, 162882.32295166
905107240, 184399.865360477
907126030, 156590.819570413
902128150, 160911.161564298
527132090, 222182.723090061
534402060, 143488.472547306
531477040, 141408.630811178
903430060, 123576.829467978
907254050, 201240.975206282
902110080, 127168.943875572
534451130, 93323.8542971672
528363110, 341712.826314102
903430040, 86312.7464979359
902306120, 126681.946605075
528290060, 158348.587434366
907202220, 149286.01030582
907192120, 214717.089754175
924100040, 207456.062438025
527368010, 231798.747607947
1007100110, 123256.005922031
902405100, 146076.698888927
527216050, 440983.102806429
527378140, 169060.246456183
528228430, 196986.9826578
526353030, 262341.193973749
528429110, 262881.677712696
916455120, 246774.694831849
535353130, 112210.441095181
910205130, 137145.918524094
535477090, 118606.47121437
907251100, 250124.870206381
527146135, 294550.821569229
902328100, 133245.618777293
535180120, 128075.845216551
528315090, 320530.478957466
532353030, 144326.23310374
533130160, 296538.306122719
531382070, 242441.776160533
909455060, 146617.713612809
909452114, 212893.854153107
909276200, 151088.763487899
527451540, 105134.037178599
527455080, 147852.716641197
528228550, 178379.123865882
903236130, 173280.185285701
527453070, 132944.580880229
535454030, 85810.4607114084
907131060, 177089.810438987
535425010, 250577.063010314
534176250, 139038.91152187
923203090, 161252.434366275
923400040, 177248.34964505
535452120, 147187.189927807
908128100, 185323.919906129
905402090, 180964.049118348
907290180, 143087.056618792
527210060, 377103.167274915
534200030, 117942.6408998
535377150, 107242.786878546
902206020, 71184.7888734588
532477040, 272087.097024129
535301160, 136241.6347175
908226130, 84884.9916217077
909101180, 119560.450809393
914478020, 138603.178893746
914476010, 166410.697149703
534430050, 118192.432512963
907275140, 292427.247983988
527357020, 159109.801685326
910203290, 111786.843159003
528480180, 260665.885587447
916455150, 289573.846487466
911104060, 66034.5725538871
906380140, 188777.806579396
535101020, 171522.518756769
535125070, 218804.200986342
909101100, 124021.214172578
908128060, 169860.855941502
535477150, 101450.767824354
905477010, 98252.2396885794
907202050, 152592.483625263
535454100, 128846.941776325
535457040, 131983.773004184
528315030, 313263.040993463
533236040, 170875.165222469
907420080, 195190.16982899
535478010, 129749.937024778
906420130, 241663.28979187
534128100, 157422.372320562
528429050, 243486.838389308
528275080, 201590.130160883
903426180, 125412.248407
534430080, 142605.899388767
534400030, 150266.621207047
534475100, 123174.434444611
527108090, 249390.793488143
910202050, 67932.1274717894
535378020, 103026.522563503
528235130, 197722.302941634
907290070, 172276.81036846
909129100, 117043.404187988
906223080, 225146.370652724
906425045, 143462.87462264
905452120, 133789.790463152
906226100, 117404.310752835
527162130, 189169.910585366
528222020, 184503.524529381
908229020, 89399.5049625141
531363050, 139426.597571304
528482090, 294523.456872985
903231060, 38248.5301386128
923227080, 169650.597384762
914476430, 162567.462814982
528178090, 358329.455699073
534178010, 133254.573681452
528431020, 239974.336719772
531384070, 197269.589286641
911370530, 275556.01804551
905401100, 196606.703857486
909175080, 52640.8567551412
528386040, 364463.648248237
533215030, 236554.268804616
527302080, 242489.367890832
526301100, 202625.162211724
906477110, 153118.522524778
528142020, 269337.167972996
903430070, 64488.0126219264
527256120, 454262.794987252
905451330, 160281.925506681
528354060, 255343.013872917
923229110, 178627.23848296
528222090, 181471.111683402
907290040, 201760.561286441
534451050, 109688.90606344
908152270, 151128.525356077
526302030, 155140.81108795
535382150, 88893.1813762308
535180020, 164396.452702656
907401080, 205950.503068852
902302150, 135420.537320504
535325320, 125398.99904317
903233050, 129338.640862574
916403020, 196311.283035342
905107320, 141486.674818755
528186130, 343944.920363006
907181120, 189628.831078378
907275030, 216762.754946041
903456110, 193968.179809515
906380110, 225541.302227409
909425010, 232380.650557716
914453045, 288353.599516634
906394040, 228553.742365848
904100100, 201105.508379712
903233180, 131159.653416075
905200350, 158525.703599744
902205090, 116159.373556458
528235170, 215169.191449526
535151100, 126996.742758235
528292040, 188588.513780177
906203140, 260774.184707397
910205020, 95665.7873748952
533250130, 256144.681636974
903225160, 123313.304441901
907295040, 234946.278228116
528110100, 380566.414620434
532376110, 128367.978844342
528290140, 192910.513001228
535401140, 145214.073249919
905226050, 154923.522875557
534478230, 150752.010032856
535451190, 112725.634683106
905476160, 106704.549981834
907290140, 142493.157632154
909277100, 148099.782673746
904101070, 213139.294800629
534427040, 150522.20586727
528240020, 192246.174253036
916455050, 201470.555615832
903232090, 150081.172044069
903226130, 109546.010169313
528250070, 200223.117833281
528218080, 179323.921879612
528431080, 218223.434715553
528431120, 258605.258209776
528228375, 238882.631259306
906385020, 177863.776153533
908103320, 134597.387215878
527105050, 181927.081338499
534275170, 140739.810235474
907202190, 133262.163785925
534128190, 226196.234178785
923227030, 153748.497325028
905426100, 187143.369905723
906201022, 190994.10265444
905103140, 157412.653865901
909251040, 158293.646147321
916125360, 157529.77247968
921205070, 288885.274850106
906340120, 282181.801564165
905427030, 277310.169611335
907187080, 189013.554852649
528231030, 195401.700093152
911370430, 325627.328530387
923203100, 175845.975532807
528366040, 326478.786709775
902477130, 40601.0024839399
905101310, 123260.529557066
528275070, 227974.770164432
531380080, 229285.947153843
903236010, 122551.445853814
527163130, 179121.468326476
909250030, 107041.458921943
527105070, 190598.355098727
907131120, 193149.149660289
911175440, 74400.9579759597
535402120, 168518.95829109
908250090, 103844.428428918
527107130, 175983.643112802
535476360, 202408.649953249
535452090, 127800.407271829
535456100, 109922.280476495
903401070, 139476.370869099
908154235, 495122.158375736
909275080, 168670.206552061
528458070, 228794.550251427
906380100, 281317.889664313
535404080, 119683.809323103
902102080, 118822.816403558
533254130, 177920.33048786
528439040, 237652.082355652
528290120, 180460.893044242
905202190, 232969.156292674
902329080, 139484.242126313
905226130, 156537.896816496
916382100, 388963.366332202
903430090, 126872.292140377
903230100, 108691.521874963
916386020, 181814.433302332
906223110, 228652.935620345
910226040, 156007.246456105
535125090, 198026.293815824
528108040, 392322.503425204
903481120, 117538.999526478
908152080, 131596.304917125
531375090, 130117.536105173
533350050, 355536.175020096
528456190, 214913.128983139
527402060, 153542.8493226
906402200, 297581.354001056
903454090, 133814.343275725
533352075, 214168.660467188
528172060, 238370.413516011
904100040, 132268.02852253
533130130, 306057.356476038
923230040, 162528.064909252
903235020, 94288.6868020044
902406020, 114887.844279362
903226170, 127995.171140095
907175060, 211355.903700706
528490080, 201048.780527129
923251160, 106811.602224894
527452100, 137404.648665657
906204180, 224098.440786648
527162180, 168833.527381449
528118050, 474510.52151769
905107220, 166331.106048728
527212050, 338172.399010674
906402060, 239210.248634625
902206220, 153853.158509696
528220040, 179426.75420687
535402230, 144740.965896001
905426010, 220109.304643545
905352030, 211675.800593473
906392070, 190276.183098802
909275040, 131644.498969663
909425130, 204996.863825469
909101060, 68997.9323635922
905104240, 132478.988658723
909475040, 333301.076880233
527105130, 279432.247941441
907200230, 119992.579637939
528102110, 461453.443920453
531475220, 145207.183021226
907280040, 218822.383110548
527276150, 116122.110400857
908225180, 100774.330016114
534431050, 208210.176082266
909250060, 199264.248970962
907410050, 201315.603293031
534128020, 202001.569714076
527358140, 210544.818332707
909475230, 279046.963149999
914476330, 194450.076439055
905101450, 141400.071667352
923252100, 127376.074046082
533242080, 190428.007414532
923228370, 91464.4451098545
909100150, 117227.342563572
534425080, 181435.473761922
909428120, 227714.258510685
527108030, 236350.372809977
923205015, 174083.111162374
533208080, 159689.4912195
526354020, 205057.693705521
905101200, 103330.560170497
905200260, 151740.134153853
528228565, 201011.306728072
534176140, 162443.105033345
903231190, 114761.318702295
910203020, 105408.386045619
902400090, 99677.6647800779
528222010, 272120.464326819
528102030, 350417.902641035
909179020, 196135.215520753
903427120, 140135.749915947
907412040, 193008.144217197
535353050, 145384.295373933
904301410, 96253.9502464593
910200040, 116675.863111696
905301050, 255106.004464187
903457130, 110978.107513292
909250230, 169516.245497499
907194110, 193020.975399817
527302110, 214051.067051811
921205030, 339838.280351464
528166120, 405995.865465108
527146030, 246293.45895101
535426350, 151527.386516724
902206130, 124872.710415263
907131190, 196001.529074616
909254140, 113373.574049944
905101100, 96809.8360979118
528376010, 312158.671864753
902329030, 187178.467868264
535304170, 129607.278005537
907420050, 185437.668377155
535380130, 118156.691262796
528429060, 249642.100257788
528240040, 167745.836982784
909428110, 160139.587419578
909275110, 201768.584320579
534276010, 118197.039575954
535425040, 188681.935658047
902300215, 137543.81195176
916460070, 196046.350291341
528429100, 310684.326560981
903206170, 165517.907805848
907187040, 230621.825490075
923227100, 155043.890510333
903453080, 202688.509276313
923225260, 169566.283551738
533212130, 143708.015483263
907180120, 214306.608350537
902306130, 150685.589341137
527254070, 344125.371866495
904351040, 75532.9861074786
528390210, 241256.03128922
909428190, 222417.410243799
528363130, 335096.443806476
904351280, 123905.843659731
907262030, 204777.126165122
923400025, 161278.887109123
907295020, 224277.815975389
914452090, 174200.35769918
535152010, 133274.521931304
909251030, 137458.610178153
908228040, 121895.972412868
528102090, 347457.713525508
905478030, 144146.014307957
535402180, 112554.346398707
923202220, 153104.63206416
535126010, 199693.889944598
528482130, 229655.534352841
909280030, 226322.857007264
906380050, 215018.120581706
909252110, 177889.84406165
906380190, 187431.505075144
534175100, 168360.878849189
532476080, 263496.821673452
903476090, 114337.575303106
535452140, 112664.8157113
527455030, 136794.747890752
531452260, 169466.440194547
531380110, 194050.641530194
527110120, 177908.610468016
535383110, 100112.377416153
908152180, 145797.660923475
908186080, 137590.491903697
902106010, 139290.242007888
527182020, 165739.80984391
535403030, 130031.30719346
923201020, 144624.669836346
902110120, 123246.238065881
533215020, 271829.769782643
906225210, 159688.305050931
533208090, 176293.872480765
534400050, 161956.226818144
534276290, 106165.30351612
528445020, 212780.303339167
534403410, 164845.835969931
533238045, 278638.828144364
908276230, 114716.152090901
908203100, 96475.0159893961
531451280, 201161.068991295
907180050, 189916.27533353
534403050, 146781.820742188
907410080, 207446.425179831
527106010, 216083.774745957
904302260, 102292.460824036
528290190, 160739.63593601
911370500, 298829.452792039
528292060, 225894.684490735
535457020, 155507.535880592
907227060, 151231.959244253
923275010, 161963.630679585
528477020, 254454.738935324
923204150, 134720.409941253
528106120, 254170.710880616
532479050, 136330.187998604
905200100, 136729.351457617
528176010, 437534.759949161
906394050, 182773.701594497
914478045, 152527.954207979
902125080, 102873.042932538
528102100, 279155.898917513
527212030, 468606.293938085
914452060, 155948.616682315
902330040, 176850.525041798
531453140, 147412.543108887
907227030, 138634.271375341
534250335, 166466.75235997
534430090, 130821.765201594
527108040, 224982.40988291
909254070, 169890.981214089
531363080, 143909.411107998
903201080, 172728.330438728
916382110, 335393.410779214
534429030, 98972.8353420725
903475100, 122384.517958654
534426040, 151097.500388425
902328040, 131679.375576602
528174080, 212814.683575725
902400110, 337692.62318881
923226150, 159379.992021361
909277090, 153958.317796532
907250050, 276099.936330514
527254020, 331656.391769588
909276010, 192639.347912144
535455060, 116621.240829881
903226060, 159899.912242517
535325460, 190433.936992076
533252020, 171211.301685809
902103170, 94825.6470567996
905105040, 113300.027272086
908128110, 179659.0946309
907202080, 136765.857902295
534127230, 171860.123533821
905102060, 137504.260280032
528482010, 254416.721943766
534430110, 137545.095414158
533352150, 160466.754869483
916386140, 221149.400284252
908188140, 144510.502179634
531451030, 189012.299272491
905200490, 129308.792949698
535302200, 120089.715630095
907414080, 179640.911698575
533241010, 194141.047444465
909256060, 132764.971078491
527250040, 130074.495648032
527165010, 190613.466159582
902300020, 169982.291686363
528222080, 179734.72560897
907196020, 219984.233684585
531371050, 182712.682952307
534276160, 125670.312706715
535150280, 132072.112988908
528315070, 275872.232874431
907412090, 196927.661924348
909254050, 199495.310291799
923229100, 205546.20236128
528250030, 205536.492743726
527353080, 176408.749260628
908152110, 153297.149005882
528429090, 327123.499482092
533210060, 164349.693088975
527225035, 202202.076229428
